100 100
22 28 9 16 8 16 35 18 17 11 26 17 7 28 14 27 16 28 27 16 18 9 15 27 18 10 18 20 23 26 6 18 27 7 18 35 15 18 6 16 9 24 33 21 25 32 29 14 25 8 3 28 10 30 15 12 13 18 33 28 24 31 10 15 30 10 16 25 20 22 14 14 19 20 7 16 24 8 11 14 21 27 22 11 29 30 24 34 20 29 15 18 13 17 25 23 11 13 21 32 
8 8 19 20 20 18 16 17 20 20 4 21 19 18 17 20 20 13 27 14 15 14 16 20 24 13 25 8 20 18 21 8 6 24 20 18 22 29 8 22 21 4 16 33 26 13 26 20 11 18 18 18 12 14 19 20 19 16 29 3 19 14 16 17 18 8 20 33 30 21 16 12 17 16 10 16 22 28 28 25 26 10 24 11 16 15 15 20 16 5 16 27 19 12 16 22 22 16 16 12 
9 16 8 11 33 10 28 19 11 20 25 9 3 13 12 19 33 21 31 21 10 28 28 30 33 16 24 19 13 12 32 7 21 24 19 27 16 19 18 19 19 16 33 14 21 18 18 14 11 9 15 13 22 7 16 8 24 33 27 22 18 23 9 20 28 28 31 28 19 29 12 23 10 5 29 4 15 27 11 19 21 31 33 3 19 21 23 15 19 23 17 30 18 19 14 19 19 17 31 23 
18 23 38 21 21 19 26 21 31 21 33 25 4 10 32 24 16 17 24 16 24 14 18 23 26 32 27 29 29 18 13 19 35 23 33 8 28 11 21 11 25 26 16 21 17 29 30 26 30 15 14 14 21 12 22 27 28 9 17 21 20 15 20 27 18 18 27 18 33 10 22 10 8 30 25 30 24 15 28 26 34 22 14 7 26 20 27 26 22 17 27 14 16 32 22 18 22 21 10 21 
15 12 11 25 15 20 27 12 8 16 10 34 30 8 23 29 1 22 19 15 23 19 10 19 15 24 18 22 17 8 23 14 24 7 11 12 20 10 16 21 18 19 15 21 12 22 14 14 17 25 29 32 16 23 24 15 19 15 18 9 27 33 15 4 13 18 9 26 21 29 7 3 20 26 24 25 22 10 31 11 16 32 16 36 8 12 12 7 11 15 21 11 28 8 28 26 19 9 24 4 
22 15 7 3 22 16 29 28 38 32 32 18 17 28 15 29 25 12 18 17 31 23 33 11 4 13 10 15 14 26 20 28 14 12 23 21 29 16 9 19 21 33 31 31 25 18 12 11 14 22 33 5 18 18 9 35 23 32 10 29 22 23 9 17 28 13 18 9 22 19 20 16 5 11 31 11 14 15 22 28 11 19 18 1 17 20 36 12 24 31 33 18 15 35 28 7 33 10 16 19 
23 28 35 20 33 18 31 7 6 19 28 29 18 26 15 21 18 15 25 6 18 12 6 17 19 26 4 16 9 12 35 32 22 23 33 27 13 8 6 24 7 34 13 19 6 32 20 24 20 17 4 11 21 22 21 25 12 18 21 21 23 18 26 17 13 3 16 19 12 14 36 4 14 21 35 12 7 27 20 19 9 16 2 15 10 16 20 23 7 27 17 22 9 28 24 14 15 20 25 19 
19 13 36 17 28 31 21 19 3 22 10 17 23 5 4 14 34 25 22 33 16 11 15 25 11 19 11 19 24 30 10 35 15 19 25 7 23 26 18 11 12 29 8 16 27 12 35 13 1 17 18 18 12 25 15 36 17 20 27 13 10 9 20 29 29 17 30 13 8 28 16 20 10 4 21 29 28 28 34 14 17 24 12 22 22 13 30 11 33 29 16 27 18 20 8 20 18 10 25 10 
12 25 14 14 21 16 16 22 16 22 20 18 19 5 32 25 10 14 36 15 15 16 26 6 16 27 31 18 30 8 20 14 14 27 20 27 24 8 13 24 15 13 15 26 23 19 23 25 18 11 21 5 19 19 16 28 19 27 10 22 19 23 8 33 30 9 25 18 30 22 15 6 29 23 24 24 14 32 30 13 35 23 23 7 16 19 19 27 19 9 9 31 16 18 17 18 31 14 21 13 
10 29 11 23 12 20 27 30 12 29 28 27 18 12 26 14 35 17 25 15 11 27 19 27 17 28 31 32 23 12 6 37 33 10 20 17 23 32 20 15 33 20 27 23 24 14 21 21 12 7 28 15 6 19 16 7 7 19 0 35 23 18 32 9 0 17 26 23 21 30 11 7 4 31 15 8 25 17 13 21 17 22 30 15 25 18 23 34 9 23 21 24 33 26 13 26 15 24 10 9 
26 14 17 2 5 12 24 14 13 17 8 22 24 10 30 10 12 25 28 13 32 22 10 18 20 7 24 28 23 18 17 10 12 18 17 21 15 21 8 29 3 29 24 20 11 26 22 16 16 23 13 8 17 3 18 29 3 35 17 18 26 16 12 31 14 10 13 30 15 13 4 11 14 0 23 10 19 38 18 15 5 31 25 22 19 27 23 26 23 21 8 22 29 34 25 28 28 18 30 24 
17 26 16 23 19 11 26 11 1 36 26 6 21 15 20 4 16 23 23 31 17 31 25 30 17 10 31 38 14 34 23 35 5 23 30 25 18 29 28 12 18 6 18 11 7 3 7 27 10 22 10 12 27 28 3 4 30 26 35 16 21 22 23 19 17 7 16 27 36 16 31 6 26 22 22 25 17 10 24 32 25 35 5 24 15 8 13 18 7 28 27 21 23 15 12 24 14 20 25 31 
28 20 21 6 35 4 17 24 19 21 17 16 29 22 1 36 15 6 7 14 27 19 27 34 26 31 12 21 23 21 16 23 1 37 22 37 26 19 26 25 25 15 14 26 22 7 36 9 13 15 24 24 18 15 12 24 19 24 9 26 25 17 22 10 20 16 20 6 20 27 24 5 34 30 24 9 29 12 30 14 19 18 11 10 14 23 27 25 11 21 3 20 19 37 11 19 26 24 17 30 
23 25 20 21 27 36 11 16 21 34 15 12 13 27 15 19 22 27 29 18 20 13 18 31 23 21 3 34 17 5 24 12 31 24 15 19 12 18 8 25 24 16 31 18 15 30 30 21 21 12 19 21 9 10 18 32 3 21 10 22 10 27 34 22 3 21 2 29 20 2 14 5 10 17 15 25 12 30 27 13 22 10 20 12 20 18 28 24 23 20 18 14 11 5 21 15 7 23 16 31 
29 11 17 32 13 37 9 17 19 20 12 14 11 4 30 15 14 11 19 9 35 22 35 7 28 16 14 19 23 23 11 25 26 13 29 31 2 22 10 14 35 14 20 10 22 23 25 16 27 10 17 6 12 5 5 24 14 23 23 10 18 19 20 17 24 21 21 11 28 23 25 35 21 10 38 23 25 24 3 16 18 21 3 30 18 32 27 16 17 15 19 27 26 19 17 23 24 11 34 33 
26 24 21 20 14 20 35 12 28 19 29 19 12 17 21 2 9 21 19 10 9 3 11 27 22 28 11 19 23 9 25 22 13 6 14 20 30 21 25 10 12 18 9 8 15 24 22 9 17 26 12 10 29 15 18 15 15 22 7 11 11 32 13 26 23 19 30 13 32 7 16 17 17 10 17 25 26 13 27 16 11 19 26 13 15 16 28 14 10 16 26 23 20 23 33 27 15 15 25 28 
15 14 30 24 24 7 22 31 32 9 31 16 1 9 21 20 18 10 6 21 19 17 8 23 21 21 24 17 21 29 29 28 23 19 32 31 11 15 6 28 28 29 24 13 31 18 33 14 13 25 27 24 34 16 19 7 29 35 28 22 17 18 22 24 21 15 17 5 14 23 14 16 18 2 9 9 21 28 15 26 5 14 22 11 30 14 31 24 22 20 18 12 22 21 28 17 29 5 14 27 
14 28 15 12 23 30 13 9 10 21 27 7 15 22 30 31 20 13 15 14 18 18 18 33 11 28 22 24 17 9 17 31 21 32 15 24 14 21 17 16 2 17 15 10 23 30 25 24 16 13 22 26 23 2 24 27 14 6 4 11 27 21 4 21 18 31 30 25 17 20 14 11 29 2 26 13 13 11 21 13 16 16 12 12 18 17 32 24 35 20 16 16 14 4 9 24 8 31 9 6 
32 36 29 6 31 8 4 8 4 17 13 33 13 17 30 24 26 26 20 27 18 9 15 12 5 16 16 6 20 11 36 25 19 18 23 22 31 7 30 15 25 23 0 18 6 14 27 12 0 20 19 19 21 18 15 20 27 25 18 20 8 19 17 19 17 32 22 20 12 36 19 17 32 25 19 10 19 19 15 13 32 27 24 25 18 20 5 5 29 16 25 21 27 26 21 17 19 35 21 23 
23 33 12 7 18 16 18 30 28 14 15 20 25 12 29 23 16 36 14 18 16 23 19 16 31 12 25 14 19 18 10 23 23 22 14 14 22 25 25 2 23 12 26 29 8 17 16 16 17 22 14 5 27 26 13 2 18 18 16 10 9 26 17 24 33 4 19 27 29 28 31 5 12 21 18 21 10 27 10 19 22 17 17 13 3 22 15 15 25 23 29 6 30 19 23 15 23 22 35 25 
23 10 14 8 12 33 14 15 25 24 27 19 21 17 13 30 11 20 29 9 16 18 7 18 37 31 26 4 6 14 22 22 24 17 22 20 35 16 8 12 32 8 11 19 37 28 9 20 33 18 22 9 20 22 28 10 25 18 14 24 24 29 18 9 19 21 22 26 9 22 30 22 30 13 13 11 34 14 17 19 16 3 28 29 25 8 11 24 32 9 20 8 19 19 22 22 24 17 20 33 
31 22 19 15 16 5 18 22 3 27 21 12 3 13 13 21 6 16 37 18 26 10 19 37 21 22 24 37 31 24 14 22 7 18 29 27 15 21 21 12 20 6 16 24 32 22 18 18 10 19 29 20 29 28 11 22 2 27 3 5 12 22 28 11 20 10 11 20 23 24 12 16 23 1 25 7 15 15 18 17 26 19 18 28 11 21 22 26 9 18 15 25 20 15 21 24 10 4 24 25 
22 9 14 25 22 19 17 29 18 27 18 24 18 9 4 21 14 7 31 15 17 19 21 29 26 27 14 17 31 22 15 13 32 9 23 26 33 20 28 23 19 19 21 21 20 17 23 8 17 18 15 26 17 21 8 16 28 6 33 20 29 29 18 21 23 21 21 9 26 21 16 9 12 29 31 6 20 18 6 29 8 21 16 18 23 28 15 23 35 12 16 25 26 35 30 10 20 15 23 19 
17 11 29 34 22 25 32 26 35 30 15 36 16 15 14 12 17 13 7 12 27 24 21 5 23 32 7 16 20 22 27 10 26 9 28 12 26 13 18 13 15 5 10 11 26 9 35 23 15 28 7 14 36 21 12 32 17 11 28 9 26 28 11 24 10 32 17 16 5 19 22 32 17 17 29 23 18 16 10 13 24 17 20 13 30 24 17 20 7 18 14 25 18 18 10 8 11 11 29 28 
22 31 33 12 32 14 19 10 23 30 9 12 12 21 10 27 18 7 32 25 25 6 24 23 24 18 16 7 30 25 8 16 21 26 9 13 12 13 36 27 16 17 24 8 19 14 27 9 21 19 26 19 26 22 7 15 21 16 23 35 21 23 32 26 21 26 20 34 19 28 6 7 18 10 7 9 9 28 10 23 19 28 7 10 24 14 26 17 34 21 33 20 17 9 6 23 35 10 2 18 
30 8 6 20 23 18 33 12 26 15 8 10 17 7 33 13 34 11 22 20 4 19 20 5 20 27 21 28 9 23 27 24 16 18 17 19 16 11 16 7 19 37 17 20 16 2 25 22 25 31 23 1 11 35 32 24 34 13 25 28 29 24 32 25 34 21 28 2 17 24 21 17 5 11 21 22 17 27 16 27 10 11 13 26 19 25 3 17 31 20 29 12 8 22 29 23 8 17 29 5 
26 24 14 24 19 28 31 29 27 7 28 30 24 22 28 15 19 23 5 2 15 35 26 36 9 27 31 18 9 33 16 16 9 3 4 8 11 35 22 11 27 11 34 11 5 14 26 18 11 24 4 18 24 16 15 13 15 38 16 25 24 25 5 25 12 10 19 24 17 21 19 4 24 25 8 23 13 19 25 24 7 21 34 11 17 22 18 14 13 18 23 29 15 29 20 27 31 11 36 20 
24 16 29 21 22 9 28 7 21 13 23 21 27 10 33 25 25 15 31 10 26 6 12 21 15 12 29 18 15 10 23 12 26 13 17 12 14 26 12 8 11 27 22 18 30 19 28 7 15 19 10 21 19 6 14 18 11 35 10 10 29 25 22 16 10 31 1 9 17 26 21 13 25 23 12 20 15 20 19 2 5 21 23 16 8 29 14 11 18 28 21 7 18 8 28 20 32 22 30 22 
32 24 15 9 12 20 10 28 25 2 30 30 16 18 18 37 19 17 8 29 38 34 22 28 22 22 10 7 16 24 22 20 20 29 2 13 14 25 25 12 31 19 22 27 17 5 16 18 26 17 31 16 4 33 26 18 28 20 30 16 24 16 9 17 26 4 15 13 21 32 37 4 32 23 24 22 12 13 24 38 23 16 28 19 34 18 21 14 18 32 24 6 28 25 15 19 29 30 16 34 
23 5 18 20 20 7 34 33 21 11 24 16 31 4 19 25 14 20 33 24 17 9 31 10 18 26 13 20 10 10 26 5 27 17 29 21 5 23 14 10 14 30 18 18 27 17 16 13 21 21 10 19 34 13 34 13 12 27 33 22 18 11 12 30 20 21 23 9 29 9 31 16 5 21 26 32 10 15 30 5 20 12 28 15 26 22 20 31 22 5 17 5 8 21 35 14 27 31 23 36 
12 28 16 17 21 16 14 5 23 17 22 28 29 22 23 28 17 16 23 11 13 20 16 15 26 35 21 25 26 24 34 24 24 10 21 11 30 28 28 18 25 30 27 19 4 22 19 25 23 23 28 37 16 17 32 23 5 25 8 16 34 14 20 23 9 26 26 12 15 14 22 32 28 29 31 17 17 4 22 20 19 23 9 19 24 26 22 14 3 15 11 10 21 23 6 23 21 4 28 8 
3 22 13 11 17 17 28 26 25 15 18 24 30 20 25 27 18 31 22 15 19 5 9 13 20 7 28 34 24 8 15 19 32 21 10 21 2 23 19 28 10 9 16 20 29 13 31 33 30 33 28 21 38 9 34 23 21 24 10 5 32 17 16 8 22 10 9 16 25 20 16 27 22 26 11 4 31 24 17 13 9 9 7 13 22 14 16 23 10 10 12 27 27 28 8 14 11 10 11 8 
15 8 28 17 26 12 14 2 20 23 20 10 17 7 15 20 34 24 16 16 26 9 16 18 22 17 12 5 11 8 27 18 17 19 9 27 3 15 21 4 23 22 27 20 30 26 13 16 22 2 18 1 3 14 11 17 35 16 16 6 17 27 18 26 26 19 37 30 26 19 26 9 14 25 23 28 24 28 25 18 22 15 31 17 13 3 28 29 4 16 8 13 3 30 11 21 21 8 23 19 
19 3 34 5 20 17 14 25 9 12 16 24 19 8 1 13 16 21 14 20 29 15 25 24 25 8 18 31 8 34 31 12 9 17 18 14 6 24 23 27 28 20 23 20 21 38 6 29 23 32 13 6 20 10 22 10 18 33 22 10 20 17 14 33 27 25 7 5 22 32 17 23 24 21 35 17 23 13 18 7 19 11 13 31 21 20 21 3 26 27 26 18 37 20 11 36 18 23 13 25 
15 11 20 23 25 16 13 0 22 23 19 25 19 37 28 4 18 23 20 36 10 18 18 12 31 13 0 34 16 7 19 36 10 11 20 19 19 26 12 14 33 11 31 13 1 33 22 11 16 23 19 18 13 17 15 28 10 16 14 32 15 13 28 18 29 0 21 29 18 33 7 17 37 12 30 19 5 24 34 13 19 14 15 17 15 23 26 10 32 33 14 19 19 3 29 20 15 11 14 27 
16 34 24 13 18 18 16 27 15 3 24 19 9 12 37 8 36 27 31 20 20 25 31 24 20 13 25 17 16 31 28 16 10 4 2 8 14 19 20 21 27 24 25 16 29 14 5 17 22 9 17 26 6 12 11 20 17 21 21 33 24 29 22 15 17 17 16 23 20 29 17 27 25 15 16 7 21 25 16 27 26 18 14 25 11 29 17 29 22 18 27 8 31 22 15 20 11 15 16 23 
16 17 31 15 16 31 14 18 28 23 9 7 13 23 4 29 18 14 3 20 24 2 20 20 16 28 20 11 36 8 26 13 17 21 32 26 24 31 16 13 26 17 20 32 26 17 14 16 3 29 16 19 23 10 11 24 22 24 27 22 16 14 8 26 20 12 24 5 3 13 11 14 11 15 27 9 24 25 17 19 14 26 23 1 20 14 25 14 18 13 10 27 31 30 25 31 27 10 29 3 
15 20 17 19 7 28 12 24 5 22 35 23 21 18 25 33 25 22 32 27 19 34 26 23 16 12 35 24 7 8 20 14 21 21 18 21 23 23 18 20 18 25 5 11 29 14 28 6 9 12 34 21 19 13 16 36 9 16 4 28 5 28 16 19 11 26 24 18 21 14 18 23 32 27 26 33 14 15 19 16 20 18 9 32 24 38 20 33 15 9 15 24 18 15 15 33 21 11 23 15 
26 14 11 23 14 10 36 20 9 20 28 22 19 30 26 23 21 31 28 28 20 15 24 22 30 20 28 16 23 11 24 14 18 7 17 25 9 25 17 20 26 19 22 5 21 13 20 22 24 9 34 8 17 18 11 12 10 11 29 27 28 17 21 18 36 19 27 18 16 37 30 27 8 32 4 30 5 25 36 13 19 31 22 20 13 6 32 25 21 5 16 29 14 17 12 11 0 19 22 21 
9 12 20 17 29 6 11 19 15 12 13 6 35 28 38 21 18 24 18 19 21 26 22 9 36 18 32 28 18 14 21 20 11 15 21 20 13 38 31 8 10 17 19 30 17 29 11 27 5 14 19 12 20 13 21 8 31 37 29 14 4 14 18 15 21 12 27 6 30 31 19 5 21 18 35 10 12 30 10 18 24 13 14 29 7 27 37 22 24 10 21 28 17 11 27 11 4 19 18 18 
23 22 15 16 20 22 18 16 25 20 19 21 13 13 22 24 21 32 0 18 14 25 11 16 37 23 20 26 22 30 16 25 12 5 13 17 31 24 25 17 36 25 23 15 31 6 19 25 22 23 23 30 9 18 18 19 22 18 25 5 20 25 23 5 22 29 6 35 26 32 24 14 10 19 9 1 26 22 18 21 17 25 23 27 25 14 30 11 24 19 20 9 17 16 14 32 18 13 19 8 
18 27 34 12 20 17 13 10 31 16 23 32 13 31 12 30 5 14 14 21 6 15 31 16 23 18 8 25 24 20 13 6 19 29 18 11 18 35 22 13 23 10 17 9 22 22 24 27 29 30 13 28 18 25 16 34 27 16 12 15 8 26 33 20 19 3 24 9 30 26 26 34 17 24 36 19 31 24 30 12 15 36 24 26 13 20 12 33 16 16 20 17 15 26 18 6 21 22 20 32 
33 26 10 15 23 18 18 26 23 21 11 11 18 15 29 23 8 25 28 16 14 21 18 22 19 28 12 20 15 13 4 8 12 28 7 7 18 26 6 34 27 29 29 17 16 30 25 16 16 25 18 14 18 16 36 29 5 33 22 24 7 18 32 31 18 20 23 10 10 21 16 9 23 10 11 12 12 8 21 12 25 19 26 24 19 7 25 16 21 19 20 20 22 17 23 13 9 6 35 31 
13 35 13 16 25 24 28 18 4 22 30 29 5 2 17 26 21 15 14 14 18 8 26 20 25 21 26 19 1 13 22 6 10 7 22 19 23 15 30 19 22 5 21 19 19 30 25 20 17 25 15 16 25 13 28 14 8 7 13 13 25 20 19 7 19 25 19 15 12 21 6 26 19 19 27 18 30 16 24 31 21 31 19 26 37 12 13 29 23 10 22 9 22 25 28 14 23 28 9 7 
30 15 7 33 19 14 5 21 10 21 12 5 4 16 23 13 1 21 15 24 24 29 6 19 27 27 5 14 27 7 14 22 15 33 8 7 19 13 20 22 6 17 31 11 25 27 16 18 20 24 16 17 26 6 21 6 13 26 12 14 26 18 28 14 24 8 13 35 14 13 30 12 22 13 23 21 13 33 11 6 17 19 27 15 6 28 25 12 20 18 18 18 21 19 24 26 7 21 33 14 
19 16 27 13 30 15 26 15 28 19 14 37 10 34 26 29 7 31 22 27 14 12 17 16 15 26 22 35 11 27 14 10 16 25 29 7 20 15 14 13 18 21 35 22 8 21 23 7 17 9 27 23 14 16 19 21 27 13 28 19 14 6 14 14 12 15 21 25 23 20 11 34 25 38 28 25 32 24 13 29 5 32 5 31 21 17 25 12 23 25 16 21 25 11 15 17 18 21 14 13 
14 17 32 19 28 20 6 32 8 11 6 6 16 23 17 29 32 14 14 28 33 11 13 10 6 22 19 24 23 18 22 17 28 15 21 28 19 19 5 21 23 11 27 19 35 17 32 11 16 6 12 33 29 26 35 27 20 7 12 15 5 27 17 17 22 19 11 13 18 16 6 5 12 34 16 7 16 20 2 32 20 15 18 21 14 5 10 18 12 6 14 21 13 23 20 19 22 11 17 25 
11 24 14 23 22 31 14 18 16 17 15 16 17 25 22 23 2 16 13 7 23 19 9 20 4 21 12 10 16 21 0 20 25 15 23 21 11 10 11 19 19 31 28 16 28 2 11 24 11 17 23 26 16 32 26 24 18 30 8 6 23 32 26 22 19 22 27 22 24 30 34 4 14 14 12 27 9 8 31 20 25 26 10 13 4 28 31 22 11 23 13 26 7 12 20 7 27 19 2 3 
23 16 31 17 15 24 24 24 24 20 8 21 19 18 18 15 18 21 9 21 16 23 21 16 28 13 4 7 14 30 14 9 19 26 26 34 34 35 11 30 7 31 23 27 14 13 14 5 8 17 19 16 24 32 5 16 18 33 7 16 16 22 5 7 20 16 14 6 11 9 16 3 14 23 11 20 16 29 25 16 26 9 18 15 25 23 11 16 17 3 12 25 25 22 24 9 10 18 7 6 
21 3 9 27 10 24 27 27 14 17 8 5 11 26 12 36 21 9 13 10 12 18 19 10 25 4 31 15 7 19 33 32 26 14 11 17 11 31 8 18 32 8 27 23 27 32 32 21 21 17 24 26 0 28 20 25 24 31 12 24 14 18 28 33 17 12 22 21 27 10 11 32 3 18 27 22 34 11 4 20 22 13 18 26 1 22 24 18 17 28 15 12 11 7 17 9 12 31 22 11 
6 17 23 9 15 35 24 14 19 13 6 5 26 37 24 11 19 8 21 18 16 28 34 20 29 32 33 33 15 27 37 21 24 13 14 24 33 19 10 24 24 17 22 34 26 26 6 19 6 19 21 26 21 15 19 22 19 24 27 15 24 16 28 28 22 35 24 15 19 15 4 3 5 38 18 3 16 28 14 14 19 15 20 24 23 24 18 34 9 18 33 6 15 22 6 29 30 24 29 33 
3 5 16 8 3 18 36 23 18 23 9 30 19 2 15 27 19 6 21 20 9 28 18 24 34 17 18 16 13 11 9 29 17 30 21 24 20 17 20 11 13 9 33 17 4 12 24 15 23 29 28 12 9 18 21 16 27 11 24 13 15 14 2 24 36 7 22 20 18 14 11 23 16 29 24 25 14 32 12 37 14 12 2 16 11 23 32 22 7 18 8 14 16 34 11 17 3 37 17 13 
24 22 28 32 35 13 9 29 5 2 20 3 38 34 20 33 10 17 16 29 15 17 15 15 23 10 24 18 28 23 23 12 29 4 9 24 21 10 14 30 16 18 15 15 33 27 20 27 24 20 20 24 17 27 12 6 10 29 16 22 4 13 19 13 9 28 21 3 18 20 33 7 18 12 26 15 12 26 14 21 28 14 6 29 26 10 27 29 23 25 11 28 22 23 13 23 23 8 18 15 
0 24 14 11 21 13 19 25 19 26 7 31 13 17 14 11 12 13 24 15 22 9 16 16 24 22 20 8 22 30 15 15 27 2 18 9 15 9 14 18 20 26 23 26 23 29 29 19 34 27 16 30 28 12 26 24 26 11 16 21 34 36 8 33 22 11 14 17 20 34 20 21 12 35 19 8 16 13 20 3 12 16 25 12 13 16 21 31 8 9 5 22 6 17 28 28 8 15 30 14 
21 23 7 25 10 19 6 27 24 19 14 17 27 20 13 12 16 26 36 16 36 14 22 15 15 15 27 25 11 18 19 16 33 18 6 15 29 13 14 5 24 9 26 15 13 20 20 30 18 8 10 15 26 13 14 22 21 14 19 36 24 30 24 10 21 30 18 10 15 17 8 23 11 15 11 24 20 23 26 10 24 29 10 22 14 36 16 27 11 36 15 28 10 32 23 31 14 25 26 15 
22 7 18 13 34 22 22 26 17 20 9 13 21 19 16 28 1 17 27 24 14 15 16 16 19 31 21 6 29 19 21 24 26 12 22 24 27 24 15 16 26 17 23 31 20 23 20 21 20 12 10 18 20 27 8 11 31 21 9 33 20 23 9 19 28 23 3 7 21 11 15 11 20 18 22 21 14 15 15 19 20 18 18 12 17 26 7 20 19 9 17 12 12 27 31 32 15 18 23 16 
22 20 19 14 22 26 8 9 26 16 21 18 6 19 34 15 18 21 28 29 10 6 33 8 17 16 20 13 7 17 33 13 29 5 29 11 16 17 33 22 17 18 12 15 18 18 14 20 11 15 13 34 6 7 14 23 15 7 9 26 16 35 21 17 33 22 13 9 11 19 15 21 17 27 28 19 29 15 31 20 31 25 18 29 24 13 12 23 33 6 30 21 14 23 19 19 25 24 20 9 
35 27 30 25 38 10 28 27 17 20 31 20 29 10 21 5 15 19 8 8 25 22 22 11 6 5 22 31 10 14 24 17 25 6 26 23 29 15 14 31 19 18 4 8 32 26 13 8 25 25 29 23 20 4 26 6 9 1 23 31 15 27 21 25 7 19 8 8 18 7 11 29 17 16 9 9 27 6 9 12 24 23 27 16 27 6 15 28 7 10 4 6 18 29 31 17 20 24 9 11 
23 22 32 12 22 14 13 29 32 15 34 28 19 13 17 30 11 5 11 10 15 19 9 17 29 24 27 10 20 37 14 15 23 30 19 26 17 24 7 22 32 33 23 23 31 21 5 14 18 9 17 25 9 18 15 19 26 34 33 19 24 11 26 19 26 18 17 16 2 17 18 19 14 13 26 17 26 13 32 16 14 33 14 7 23 22 30 9 28 16 20 25 11 27 17 30 37 27 6 24 
8 17 24 28 22 30 25 2 15 2 30 34 27 29 2 11 11 5 25 24 14 18 10 17 37 19 20 27 30 26 24 32 27 20 12 31 22 9 25 23 36 27 21 24 17 15 20 20 13 29 9 31 27 19 33 18 23 34 17 13 32 13 17 13 25 21 16 20 4 21 7 12 20 9 28 22 4 20 7 22 30 16 25 22 16 19 32 3 5 33 17 22 7 19 7 4 21 3 17 17 
16 36 22 21 5 22 23 35 16 23 21 18 20 27 20 21 19 25 4 28 19 25 22 31 25 30 27 11 25 29 12 26 26 14 8 16 17 23 15 17 19 17 16 12 16 20 25 19 10 21 20 22 27 14 13 25 17 24 16 23 14 8 34 33 7 22 9 8 9 9 26 13 18 6 17 26 10 14 18 21 35 30 23 7 4 20 32 6 5 12 22 11 24 28 36 23 30 30 12 23 
19 22 17 9 12 6 28 35 13 18 17 9 20 24 28 16 17 33 23 6 9 29 10 15 17 19 30 31 9 27 27 13 13 29 22 6 27 14 22 21 12 23 23 24 19 15 6 8 1 13 14 23 15 17 10 16 29 33 20 10 13 27 16 18 20 23 17 28 10 3 22 7 18 29 4 17 24 34 6 18 19 13 14 6 2 36 23 31 29 15 15 26 7 15 6 7 18 15 27 29 
19 21 9 9 10 25 19 20 12 29 22 23 35 16 23 30 25 30 26 26 18 25 14 25 20 12 24 12 31 16 5 2 18 26 24 33 35 27 5 27 17 8 16 17 28 31 19 33 21 17 24 31 15 30 20 28 26 25 24 29 21 30 16 11 20 32 17 36 12 14 8 1 14 24 18 35 15 1 12 20 24 9 24 19 11 24 31 30 13 16 12 19 18 21 15 18 13 12 7 25 
32 28 18 30 12 21 10 12 35 23 24 19 16 21 18 21 10 23 23 16 11 27 28 22 28 15 12 14 12 12 23 16 12 27 19 16 8 10 20 35 17 18 15 38 23 18 19 25 13 27 34 36 6 14 18 28 22 36 26 26 8 22 3 5 9 34 21 10 28 15 37 37 5 25 36 20 16 19 38 21 18 25 10 18 23 13 18 17 9 8 23 21 22 18 26 12 17 13 6 25 
20 16 28 17 13 36 21 21 20 31 15 19 8 26 9 32 11 19 9 13 7 18 6 23 36 26 27 14 11 18 24 3 6 12 32 12 21 25 26 21 9 22 12 10 12 14 15 35 5 8 0 18 6 31 21 16 9 12 22 20 10 18 23 28 23 19 21 24 17 8 18 26 34 22 20 30 9 27 17 7 9 22 17 15 13 10 15 23 23 22 35 5 21 31 18 25 22 12 21 11 
12 31 21 30 18 15 12 20 14 21 19 23 3 17 24 20 19 11 15 6 14 23 36 20 18 14 17 12 18 18 16 22 14 30 16 4 17 28 16 24 21 7 20 29 16 36 22 20 20 10 26 27 25 34 19 24 21 28 21 19 18 22 6 24 24 22 12 14 23 9 18 17 1 30 31 30 19 13 10 12 23 22 3 14 16 14 30 10 22 23 22 12 25 21 21 30 35 5 24 23 
19 7 5 13 9 36 3 9 21 26 25 29 12 20 23 21 14 6 23 8 21 30 4 28 31 17 22 11 4 11 14 15 18 31 20 19 19 35 21 33 6 18 7 18 19 30 24 25 20 20 6 22 10 11 14 14 33 9 30 9 20 4 16 22 29 17 21 20 17 15 26 35 18 5 27 18 27 23 15 20 15 14 15 11 18 29 9 11 22 19 13 14 16 21 8 17 23 2 10 13 
22 9 8 20 18 27 22 26 31 30 26 31 17 13 22 19 15 31 22 9 31 7 16 20 21 24 21 37 31 23 10 17 24 10 22 23 19 24 22 14 6 32 25 15 19 20 14 6 32 21 28 8 20 8 20 6 6 21 3 9 5 17 19 22 12 13 10 3 29 24 29 20 8 28 28 19 12 15 10 28 9 31 16 33 19 16 12 17 10 19 19 20 9 30 14 14 15 16 17 16 
24 11 29 25 19 30 5 36 17 27 24 30 18 14 36 11 34 28 12 9 21 24 9 30 18 8 16 6 8 6 15 13 29 28 30 13 30 7 29 20 28 25 22 10 23 31 5 31 4 11 20 17 27 2 19 18 34 8 16 22 26 16 15 36 17 25 29 8 6 22 21 26 27 35 28 24 11 35 27 28 6 19 25 5 33 25 15 27 17 25 22 16 21 9 4 10 19 25 31 17 
31 4 15 23 24 4 19 16 11 26 24 21 17 21 26 23 30 35 14 21 12 28 29 17 30 26 20 22 35 24 31 27 8 19 30 32 35 30 12 31 8 8 12 10 22 23 25 33 10 21 6 14 21 27 24 4 13 4 18 9 20 21 8 21 12 11 17 20 25 11 23 17 31 7 27 26 3 6 4 25 27 22 12 32 30 28 9 16 17 19 10 17 14 10 30 26 21 20 19 30 
15 14 28 19 15 15 17 10 21 21 28 32 8 12 18 31 5 19 19 22 3 1 19 17 12 22 8 17 15 31 8 10 19 36 9 26 35 12 8 22 25 28 6 26 14 8 9 11 20 21 14 24 26 25 25 18 20 25 20 27 18 20 17 29 20 20 27 35 4 27 9 13 8 29 20 14 17 21 18 30 26 4 34 13 21 11 23 34 30 15 21 8 35 24 21 19 16 8 20 12 
27 9 25 7 22 18 14 33 32 4 15 19 20 22 24 22 17 21 29 7 16 14 19 17 18 20 20 26 28 20 18 20 23 37 8 17 27 35 10 31 23 26 15 16 20 20 22 30 25 23 30 14 30 30 35 9 23 16 20 16 17 23 17 24 32 29 22 32 8 17 7 32 28 23 20 12 28 14 14 13 10 5 19 20 20 15 13 23 16 26 31 25 30 20 14 14 22 16 38 10 
17 6 26 25 21 18 10 21 13 17 27 27 34 19 28 6 19 25 22 15 12 26 4 26 11 18 12 14 18 23 28 29 22 28 18 35 30 1 30 16 19 9 3 5 20 23 25 11 22 19 30 18 25 19 17 21 29 9 27 21 37 28 2 19 28 32 19 19 34 21 7 25 23 36 15 23 31 20 20 5 19 14 28 30 14 17 11 16 19 11 9 28 23 23 20 24 28 20 7 6 
13 7 24 16 35 20 24 11 20 16 21 24 23 30 6 10 19 9 18 10 12 20 32 28 7 24 12 19 8 12 27 22 11 23 18 19 23 34 10 8 23 35 24 27 25 23 21 17 24 31 12 30 23 24 18 31 12 15 22 21 7 21 23 10 17 25 13 12 5 7 24 20 24 1 11 21 8 12 11 13 35 4 27 11 12 5 14 17 24 9 30 23 23 18 26 12 16 11 18 21 
20 6 25 16 20 29 9 28 21 1 14 10 29 13 13 33 24 20 3 8 33 26 25 8 25 23 14 13 15 4 19 19 10 24 19 31 6 29 12 20 3 18 22 16 25 27 2 9 19 18 21 33 16 26 34 13 30 20 30 30 24 21 21 19 19 21 3 17 22 7 29 9 18 24 26 7 24 20 20 4 10 22 22 18 29 8 16 23 9 19 25 17 13 11 16 16 24 11 13 19 
11 16 8 14 32 18 13 8 2 14 5 13 16 19 36 9 20 17 6 21 36 23 10 33 15 19 2 11 23 16 2 26 16 15 20 20 17 26 22 21 12 19 18 9 11 26 2 23 15 20 4 24 17 6 30 16 17 13 20 33 13 15 12 22 15 5 22 32 3 28 5 16 28 24 29 11 35 4 34 11 17 22 28 26 20 30 2 31 15 15 24 20 15 16 34 30 6 10 14 2 
30 25 23 11 1 16 14 28 20 1 20 10 15 0 28 9 31 12 12 18 11 20 31 18 17 26 20 28 28 27 14 11 24 17 35 25 14 9 15 18 11 19 21 31 20 10 12 15 26 16 33 30 16 8 20 18 27 13 18 7 12 33 11 29 14 6 18 8 8 17 19 3 17 20 27 29 15 31 16 13 0 13 35 29 15 28 7 34 21 10 14 18 15 18 11 29 36 21 22 16 
20 22 21 29 6 20 23 14 24 11 20 24 17 8 6 4 8 6 22 22 17 9 24 4 19 7 26 7 9 20 5 13 26 10 34 26 22 17 32 26 13 4 12 23 5 10 19 26 8 34 33 9 4 17 26 3 9 5 3 30 5 20 24 25 2 10 23 25 13 7 11 18 16 27 33 14 30 5 32 31 19 17 25 27 19 3 11 8 20 18 10 11 11 18 20 13 21 23 18 18 
22 14 16 30 22 22 16 24 19 1 20 23 10 26 10 21 21 5 21 27 35 16 10 6 26 22 24 32 29 14 10 15 29 8 18 36 22 15 32 26 20 5 29 24 15 23 5 9 29 12 20 16 20 30 8 27 24 32 20 33 31 22 21 33 22 11 21 29 18 5 15 20 35 8 16 10 31 21 4 24 25 24 14 10 7 6 18 15 30 22 13 21 16 6 6 24 18 11 13 16 
10 13 8 5 13 36 20 17 23 25 22 32 9 20 23 21 18 13 17 20 19 23 15 16 29 25 24 11 30 10 20 20 15 21 17 28 30 17 17 5 14 24 18 29 8 21 30 7 7 31 20 18 14 27 19 28 5 15 19 35 17 12 15 24 26 17 25 8 18 15 6 6 23 16 35 25 22 17 24 13 9 16 13 16 36 24 25 14 12 16 21 22 21 21 27 19 38 24 28 28 
32 18 14 20 26 21 25 20 31 33 15 21 23 12 21 11 8 26 17 12 15 19 15 8 20 15 20 22 11 12 22 16 10 10 21 21 23 26 21 15 12 8 20 27 20 22 19 21 32 28 14 19 19 33 21 23 20 13 37 5 18 12 13 12 34 26 13 30 25 19 18 29 20 30 29 33 16 12 18 9 20 17 20 24 31 25 27 4 31 17 21 21 21 7 13 28 25 31 10 34 
31 12 15 3 3 36 20 23 20 20 32 33 9 25 17 24 11 36 29 35 5 14 36 19 5 22 19 31 13 22 9 8 26 18 24 21 18 5 25 20 29 9 13 11 26 15 15 22 23 9 17 22 24 17 33 10 32 25 25 30 19 8 19 17 18 16 11 20 25 28 20 15 21 38 38 8 25 25 15 21 27 12 3 24 10 8 18 15 17 28 17 8 20 8 18 30 24 1 23 2 
13 16 9 14 27 19 7 24 17 14 25 16 18 33 24 13 26 15 20 16 36 10 17 16 10 8 19 8 1 22 2 27 10 16 13 9 27 25 18 8 31 24 18 23 22 14 16 20 14 9 16 22 3 26 10 13 14 21 13 19 16 8 18 11 16 5 13 35 22 31 37 6 20 19 1 26 25 21 27 12 10 35 14 17 22 18 32 20 11 17 13 20 18 11 16 26 20 21 15 15 
17 16 14 30 15 19 8 12 21 15 17 36 23 12 14 9 22 6 23 26 36 28 11 19 31 19 25 25 12 12 12 9 8 30 31 7 30 20 13 3 19 30 19 23 34 6 13 21 24 20 20 33 8 15 16 12 14 22 9 10 19 5 20 12 28 24 20 30 9 25 26 8 28 17 12 6 16 30 8 25 10 12 22 31 19 19 27 5 26 9 16 17 6 8 21 27 16 6 17 17 
11 27 27 19 18 3 7 14 5 19 3 20 24 7 23 23 10 10 21 16 23 9 13 22 21 28 10 10 34 11 32 30 20 11 22 18 26 21 16 4 25 12 24 9 23 19 16 34 34 9 22 29 10 20 11 23 20 5 18 26 10 11 17 22 14 32 12 25 17 32 1 14 24 30 27 28 13 4 14 27 5 8 9 8 9 5 15 29 11 26 9 5 21 10 19 7 14 23 13 32 
27 19 30 13 30 18 25 23 22 12 16 27 32 25 19 14 14 35 28 18 21 29 15 27 12 27 35 6 30 20 10 11 12 13 28 14 11 25 30 13 9 18 24 34 8 4 12 14 23 21 25 29 22 21 16 26 29 4 13 3 17 15 6 21 20 26 20 11 24 23 28 25 13 25 24 13 33 37 20 9 30 25 18 18 11 15 4 20 12 2 28 21 22 15 15 35 14 15 11 30 
10 12 9 8 21 5 33 27 14 14 8 10 24 19 8 15 18 36 20 22 19 29 15 14 16 23 21 34 23 32 18 26 29 19 26 23 24 13 23 23 11 23 33 7 34 13 16 24 14 28 27 14 17 15 12 17 10 33 33 6 10 3 25 12 14 3 15 10 28 10 25 32 18 23 12 32 36 12 9 31 20 28 9 22 16 13 32 19 11 9 17 21 12 26 25 18 11 12 21 3 
15 18 8 25 14 33 29 3 17 31 18 30 12 32 24 32 5 29 24 16 10 14 22 15 21 27 25 16 33 30 12 32 14 32 30 28 9 23 15 19 27 15 30 12 11 18 4 17 20 21 18 31 20 20 11 33 13 16 22 26 12 26 30 6 23 20 18 13 36 14 13 15 33 27 27 5 17 17 34 18 10 24 2 30 10 25 23 23 25 17 21 17 16 23 27 20 28 18 25 16 
5 22 24 18 29 12 15 19 21 13 18 3 3 4 14 13 29 10 16 14 12 9 17 13 24 16 5 24 15 22 20 12 25 5 14 26 22 22 17 23 8 7 11 23 11 5 28 24 0 16 24 25 9 13 10 34 21 15 30 9 9 15 21 14 13 9 13 19 31 30 14 23 31 17 19 26 36 27 16 36 28 20 33 17 25 3 15 18 30 6 20 11 14 6 18 19 15 3 18 18 
18 24 7 33 22 6 12 10 18 8 30 26 32 16 5 17 11 20 8 26 11 0 18 25 7 21 16 14 16 26 18 26 22 25 24 29 23 17 19 13 37 23 13 22 11 10 31 35 22 23 25 26 25 16 15 16 29 32 31 17 30 21 37 18 18 21 27 25 30 31 12 12 14 17 26 10 19 29 17 5 13 23 32 22 32 0 18 13 25 14 31 7 27 12 37 18 26 17 8 20 
1 32 4 7 9 22 9 32 24 18 18 9 34 22 24 10 23 26 15 20 21 31 20 21 35 30 24 13 20 16 14 21 9 10 20 2 25 22 35 29 12 33 11 11 8 19 21 16 5 30 36 19 13 20 25 21 31 21 15 15 9 34 16 10 16 20 13 14 2 0 35 20 17 10 11 17 21 17 13 20 7 14 31 12 15 8 14 30 21 14 10 22 8 26 25 16 32 10 23 26 
22 31 6 20 14 10 29 16 28 16 8 19 22 12 32 21 4 31 5 18 17 15 4 17 26 10 5 18 24 21 37 19 17 28 3 31 31 25 11 11 25 32 22 8 4 18 21 20 9 18 10 18 6 8 27 33 22 26 35 19 19 16 10 8 17 6 19 28 24 12 23 9 16 25 29 33 5 23 25 6 22 29 18 21 29 17 6 23 15 25 14 7 14 26 15 12 24 20 24 20 
12 28 10 20 13 31 17 30 26 15 22 9 16 12 22 5 9 12 20 10 9 28 29 16 6 5 28 22 25 12 15 21 24 25 5 23 20 35 25 19 11 19 13 11 11 19 21 6 12 13 16 33 33 17 10 11 26 22 14 4 20 29 9 24 18 8 19 30 3 6 14 18 29 19 22 2 18 23 20 14 28 8 29 23 37 23 14 24 18 21 20 22 14 31 31 25 23 3 20 18 
33 6 21 23 18 15 17 17 30 9 32 18 9 25 25 19 21 33 15 23 18 28 18 25 11 29 22 26 32 7 16 10 14 17 34 25 12 23 14 14 25 10 18 18 28 23 17 21 20 4 29 11 25 27 9 20 28 23 27 5 23 16 15 10 6 21 7 23 17 25 10 14 16 20 24 28 8 22 22 9 19 11 20 16 10 13 18 11 18 9 16 13 17 24 23 36 18 14 12 8 
31 14 34 20 27 19 9 15 13 32 28 17 27 34 26 18 7 36 21 17 37 9 3 28 25 10 24 24 17 28 24 9 34 18 29 25 10 23 5 16 19 26 25 26 20 32 16 20 20 29 10 19 19 5 11 25 17 27 33 34 28 18 27 26 21 18 13 23 25 30 32 25 8 18 11 21 22 21 14 28 22 8 11 14 14 22 24 15 29 9 14 29 12 21 16 34 23 33 9 9 
16 14 34 16 37 30 30 11 11 16 11 38 17 14 12 23 16 16 23 18 11 17 19 23 18 0 17 15 25 11 24 21 25 3 31 14 13 33 19 9 22 10 19 11 18 32 18 18 33 1 29 4 10 13 20 21 25 29 8 32 20 17 17 31 20 12 5 25 18 4 26 20 20 5 15 22 22 26 20 8 27 14 4 30 28 16 15 25 18 16 21 22 33 20 13 37 12 12 22 3 
20 33 15 12 30 23 26 17 21 20 17 20 34 13 14 14 22 10 32 12 18 6 19 15 18 13 12 15 9 19 11 14 4 18 19 18 14 18 36 27 30 13 21 16 20 15 15 26 10 8 19 20 26 10 16 17 7 12 12 29 23 23 16 19 14 27 19 21 9 19 20 20 13 21 21 25 22 17 32 32 9 15 13 19 17 13 16 17 19 12 10 22 28 18 7 27 18 18 20 20 
37 32 13 14 7 6 4 21 15 8 25 36 35 10 27 17 17 16 18 16 1 9 22 22 8 29 9 10 19 33 23 29 17 8 16 16 27 13 17 14 13 3 15 1 26 2 10 27 19 20 15 33 29 10 15 22 32 28 25 24 21 28 26 10 9 14 20 8 19 9 22 33 17 17 18 16 25 20 35 16 20 3 13 2 13 20 25 25 20 14 34 13 23 32 8 12 7 20 25 10 
2 8 27 19 10 5 19 27 25 35 15 5 30 9 32 8 13 29 25 14 4 32 11 11 24 20 16 15 12 21 6 27 14 33 19 17 31 19 16 8 18 4 19 29 25 11 9 12 13 15 18 21 20 2 32 16 27 20 5 31 15 23 19 21 21 31 22 4 14 11 26 33 27 17 6 25 20 16 9 17 16 12 18 8 14 22 16 13 16 33 25 15 9 8 16 23 11 23 19 26 
34 17 24 21 26 30 30 19 11 20 16 19 12 27 27 11 22 16 16 10 34 13 25 24 15 25 19 30 28 10 29 6 13 37 20 11 28 23 11 31 16 12 23 20 24 14 23 6 15 32 21 10 17 18 26 24 8 17 20 29 19 29 36 12 19 29 25 19 24 20 15 12 16 10 17 20 30 12 11 25 24 12 27 6 30 17 15 31 14 15 13 26 8 21 23 27 14 32 11 18 
